9 11
9 16
9 21
9 27
9 35
9 43
9 51
9 60
9 69
9 77
10 83
12 89
12 94
16 100
18 106
20 112
21 115
23 119
25 124
27 128
28 131
28 134
30 135
33 139
33 140
35 142
40 147
44 151
49 154
55 158
63 162
71 164
88 171
107 177
119 179
139 184
154 187
166 189
179 189
191 191
199 191
207 191
213 191
217 191
220 191
222 189
228 185
232 181
234 179
236 178
237 174
239 169
239 163
239 158
239 149
239 139
239 127
234 119
229 109
223 98
215 88
203 76
188 64
170 54
150 45
125 36
105 30
86 25
70 25
59 23
51 23
46 23
44 23
41 23
40 23
37 23
35 23
32 25
28 27
26 29
23 34
21 38
17 44
15 49
13 55
13 63
13 69
11 77
11 85
11 95
11 101
12 112
18 124
23 131
27 137
32 142
35 144
41 146
46 149
50 150
56 152
62 153
70 156
78 156
89 158
98 158
110 158
118 158
126 158
133 158
137 158
140 158
143 155
145 154
147 153
149 150
151 145
152 143
154 140
154 137
154 134
154 131
154 128
154 123
154 120
153 115
148 110
144 104
137 98
127 93
119 91
110 87
98 84
88 80
80 78
69 78
64 76
58 76
55 76
54 76
53 76
51 76
50 76
47 76
44 77
42 79
38 85
34 91
29 100
25 108
23 119
21 127
19 136
19 145
19 154
19 167
19 181
19 191
20 200
22 205
23 210
27 215
27 218
29 219
29 220
37 221
46 221
59 221
74 221
90 221
109 221
126 221
139 221
150 221
163 220
174 216
184 213
189 210
194 208
199 205
200 203
200 202
199 200
176 199
150 194
117 191
88 187
59 181
38 178
18 175
7 175
-1 175
-6 175
-9 175
-11 175
-12 175
-13 175
-14 175
-13 175
-1 175
24 175
53 181
88 191
126 202
167 213
202 224
229 230
246 237
256 240
246 240
216 240
189 240
162 240
132 240
104 240
82 240
69 240
66 240
65 240
63 240
63 239
63 235
63 227
63 221
63 213
63 205
64 194
68 183
75 172
79 166
83 158
89 148
96 140
100 134
104 131
106 128
111 127
111 132
113 141
115 151
115 162
115 172
115 180
115 188
115 194
115 202
115 209
112 213
112 216
111 218
109 219
106 221
105 221
103 221
100 221
95 221
92 221
89 221
87 221
86 221
85 221
81 221
77 216
73 210
69 201
64 193
60 182
58 173
58 170
56 167
56 162
56 159
56 152
56 146
61 139
69 132
83 128
97 123
116 118
141 112
158 109
170 108
180 107
184 107
186 107
187 107
189 107
191 110
193 120
196 129
196 141
196 153
196 168
196 180
192 188
189 200
184 208
180 211
175 216
169 218
161 218
156 218
151 218
146 218
142 218
139 218
136 217
134 215
130 212
128 209
124 203
119 196
115 186
114 177
110 166
108 155
108 146
106 133
106 124
106 117
106 112
106 109
106 106
106 105
106 103
107 103
108 101
109 101
110 101
112 101
113 105
114 109
114 112
115 115
115 121
115 126
115 131
115 137
115 140
115 141
115 142
115 137
113 129
111 123
111 118
111 112
111 107
111 102
111 96
114 92
117 89
122 84
128 80
134 78
142 76
145 76
150 74
153 74
156 74
158 74
158 75
158 77
155 79
149 81
146 81
143 83
142 83
139 83
138 83
138 84
136 84
